278
5
1
5
3
2
1
1
1
5
5
6
5
6
5
22
2
75
1094
67
3
10
2
16
2
9
3
2998
48
439
142
45
64
114
7
1
16
38
12
9
1
2
1
2
1
1
1
7
6
8
7
12
416
6
14
5
11
34
9
16
6
5
736
11
2
4
4
1
4
3
1
24
3
60
74
2
6
10
4
7
20
34
5
1
6
20
11
1
2
10
10
9
9
8
4
8
10
6
7
34
1
3
4
9
9
2
2
2
2
3
1
1
2
2
2
3
47
3
1
19
18
1
4
157
20
74
57
75
7
14
6
2
3
8
1
1
5
14
2
7
50
12
1
1
11
145
14
3
6
4
1
1
12
11
6
5
4
5
1
1
14
26
6
1
1
2
1
12
4
1
4
3
17
9
3
12
2
6
35
1
3
2
3
3
3
1
1
1
2
4
14
3
7
47
1
1
1
5
1
1
2
3
19
1
4
2
4
1
179
2
2
16
17
10
10
10
5
5
10
1
25
2
34
1
3
17
3
1
5
4
4
4
9
3
8
2
2
9
14
6
16
274
1
4
2
3
1
1
1
15
5
1
4
1
2
2
2
5
5
5
5
5
5
1
1
3
5
2
2
1
5
1
2
1
3
3
3
22
2
16
3
1
1
1
3
2
2
2
1
8
10
2
1
1
1
6
1
48
4
2
1
2
6
176
4
32
1
775
1
1
7
3
6
102
23
15
24
15
54
3
17
5
2
21
52
3
12
9
4
5
2
1
8
25
2
2
47
2
4
83
45
5
14
19
255
5
16
4
33
4
1
6
3
1
2
1
1
8
1
1
1
2
5
2
1
2
5
6
6
10
24
2
13
2
2
3
1
11
3
1
14
4
1
1
2
1
2
8
4
2
2
1
2
1
6
1
1
2
8
4
1
2
10
11
3
20
2
1
2
16
4
4
4
4
4
4
4
1
3
6
1
1
1
5
4
8
1
1
11
1
25
4
62
3
971
2
1
1
1
6
13
5
38
12
33
19
8
41
48
18
7
1
48
5
4
9
3
5
4
5
2
6
6
8
6
3
6
5
11
31
25
15
14
4
52
71
28
24
11
10
5
2
2
1
3
6
0
0
0
6
7
2
0
2
1
2
43
11
12
24
2
2
3
2
3
1
1
283
612
72
288
69
41
41
82
139
194
145
125
99
33
33
33
66
66
66
66
99
99
33
66
198
198
66
12
66
72
36
5
5
17
17
717
1103
251
495
208
20
147
147
49
49
49
198
196
25
25
1
1
1
1
1
1
1
1
1
20
27
25
124
2
77
1
1
1
1
2
2
2
4
18
19
18
15
2
2
2
9
3
8
10
3
6
1
12
5
5
2
2
1
1
2
5
17
16
4
9
11
4
1
2
7
1
1
1
1
1
1
5
2
12
1
1
1
1
1
1
1
1
1
5
24
2
2
2
2
2
1
13
1
1
1
1
1
1
1
8
1
1
1
1
1
1
11
362
8
2
16
8
1
1
20
1
1
2
2
1
1
1
10
13
46
35
8
4
35
10
6
11
2
1
1
1
9
3
12
2
14
15
7
6
3
8
6
3
3
4
21
2
1
3
17
1
2
2
13
10
5
7
1
3
22
4
12
8
2
7
8
6
6
4
2
6
4
2
6
4
2
2
16
367
4
5
148
228
8
13
5
6
3
18
10
4
18
15
11
11
11
12
12
12
12
6
6
6
1
1
1
1
1
1
1
1
1
2
3
1
2
11
15
6
7
2
13
13
28
28
27
28
28
27
6
6
6
6
6
6
16
7
14
7
14
7
11
7
14
7
14
15
6
5
15
2
12
2
9
9
7
9
8
21
1
8
48
47
37
43
35
43
24
21
31
18
22
29
24
27
24
20
12
29
17
10
9
6
3
3
6
9
10
3
3
3
11
3
3
3
3
3
3
3
3
3
3
3
7
3
37
9
6
11
1
2
3
3
6
2
6
2
3
2
1
1
3
18
6
6
6
6
6
6
6
6
6
3
3
7
1
1
1
1
3
9
2
2
2
2
2
2
2
2
2
5
5
5
7
7
8
8
11
11
11
11
11
11
3
5
4
1
1
1
1
1
39
23
6
3
1
4
1
1
4
4
28
17
13
7
11
7
1
3
2
3
3
3
4
4
6
4
4
4
3
3
4
3
3
3
1
14
3
3
3
3
3
3
1
2
3
3
2
2
4
1
3
2
2
3
3
2
2
1
3
3
1
1
18
11
7
6
3
3
2
2
2
2
2
2
2
3
3
2
2
2
2
2
2
3
3
2
2
2
2
3
3
2
2
2
2
3
3
2
2
2
2
3
3
2
2
14
2
7
7
7
7
7
7
7
7
7
37
37
37
37
37
37
37
37
37
36
36
36
36
36
36
36
36
36
2
28
7
11
11
11
27
7
11
11
11
25
7
11
11
11
25
7
11
11
11
25
7
11
11
11
25
7
11
11
11
25
7
11
11
11
25
7
11
11
11
25
7
11
11
11
22
23
23
20
17
15
14
17
2
2
10
6
6
6
6
3
3
3
3
3
3
3
3
3
3
3
3
5
8
10
8
9
4
4
5
8
7
6
4
2
2
2
2
6
6
6
5
9
6
2
3
2
12
2
1
10
2
1
5
1
3
5
1
4
1
4
3
4
3
3
14
135
37
33
25
8
3
8
8
7
3
7
3
20
44
4
3
2
3
6
43
4
3
17
82
17
5
86
79
2
79
4
14
15
16
8
2
5
9
1
9
1
8
2
6
4
16
6
12
1
4
3
2
1
7
2
13
3
4
78
149
40
15
106
34
3
13
7
7
8
4
4
4
29
169
7
3
2
26
181
5
3
37
6
35
34
35
3
5
5
2
2
18
31
31
30
2
18
261
8
3
4
2
32
11
17
7
3
3
3
3
3
3
3
3
3
3
3
3
3
3
3
5
13
3
2
2
5
2
16
6
4
3
6
26
12
8
7
3
3
2
3
3
6
8
8
2
0
0
3
3
3
3
3
3
3
3
3
2
1
1
15
1
1
1
1
1
2
1
1
8
3
51
3
3
3
3
3
3
10
3
10
11
14
4
19
3
3
1
2
1
1
1
12
6
6
6
6
2
1
2
1
1
1
3
1
1
4
4
4
4
4
4
34
14
23
23
3
3
10
7
18
28
26
26
20
8
6
6
6
6
6
5
24
10
9
4
4
6
12
13
11
17
1
1
24
2
9
1
1
18
35
32
8
2
2
1
9
10
11
10
29
18
5
3
9
7
2
1
2
2
1
1
1
1
1
2
4
1
3
1
6
3
6
1
1
13
1
1
2
8
24
2
3
3
5
4
6
1
6
16
23
4
2
2
18
13
3
3
4
3
1
5
5
4
1
2
6
1
4
2
2
13
1
2
2
1
2
1
1
1
1
4
4
7
34
1
28
2
4
1
2
1
2
1
1
35
1
1
29
1
4
2
3
2
3
3
3
1
14
4
4
2
6
12
4
16
1
4
2
2
2
4
2
2
2
4
2
2
2
4
2
2
12
10
4
4
6
4
1
1
1
1
1
1
1
1
11
13
113
15
15
2
8
17
4
4
4
4
4
4
4
4
4
0
0
1
51
0
0
10
5
7
2
11
8
1
37
17
3
5
2
8
1
2
2
6
9
9
31
295
295
295
295
99
99
99
99
50
89
17
17
1
4
50
1
2
1
3
4
2
1
52
12
7
2
2
2
2
2
2
2
4
5
1
1
176
54
1
1
1
2
1
2
1
1
9
11
11
8
2
2
2
2
1
3
5
1
3
39
3
15
0
0
